[gd_scene load_steps=2 format=2]

[ext_resource path="res://House.tscn" type="PackedScene" id=1]

[node name="Spatial" type="Spatial"]

[node name="House" parent="." instance=ExtResource( 1 )]
transform = Transform( 1, 0, 0, 0, 1, 0, 0, 0, 1, -3.55495, 1.023, 4.3465 )

[node name="House2" parent="." instance=ExtResource( 1 )]
transform = Transform( 0.955103, 0, -0.296275, 0, 1, 0, 0.296275, 0, 0.955103, -0.178197, 1.023, 4.3465 )

[node name="House3" parent="." instance=ExtResource( 1 )]
transform = Transform( 1, 0, 0, 0, 1, 0, 0, 0, 1, -6.9611, 1.023, 4.3465 )

[node name="House4" parent="." instance=ExtResource( 1 )]
transform = Transform( 1, 0, 0, 0, 1, 0, 0, 0, 1, -3.55495, 1.023, -7.6583 )

[node name="House5" parent="." instance=ExtResource( 1 )]
transform = Transform( -0.736664, 0, -0.676259, 0, 1, 0, 0.676259, 0, -0.736664, 1.06131, 1.023, -7.6583 )

[node name="House6" parent="." instance=ExtResource( 1 )]
transform = Transform( -0.0504709, 0, 0.998726, 0, 1, 0, -0.998726, 0, -0.0504709, -7.94936, 1.023, -7.6583 )

[node name="House7" parent="." instance=ExtResource( 1 )]
transform = Transform( 1, 0, 0, 0, 1, 0, 0, 0, 1, 5.39176, 1.023, 11.0951 )

[node name="House8" parent="." instance=ExtResource( 1 )]
transform = Transform( 0.982571, 0, -0.18589, 0, 1, 0, 0.18589, 0, 0.982571, 7.52977, 1.023, -3.54504 )
