[gd_scene load_steps=5 format=2]

[ext_resource path="res://meshes/trees/Tree_02.tscn" type="PackedScene" id=1]
[ext_resource path="res://meshes/trees/Tree_03.tscn" type="PackedScene" id=2]
[ext_resource path="res://meshes/trees/Tree_01.tscn" type="PackedScene" id=3]
[ext_resource path="res://meshes/trees/Tree_04.tscn" type="PackedScene" id=4]

[node name="Forest2" type="Spatial"]

[node name="Tree_01" parent="." instance=ExtResource( 3 )]
transform = Transform( -0.811054, 0, -0.584972, 0, 1, 0, 0.584972, 0, -0.811054, 6.39359, 0, -1.91409 )

[node name="Tree_06" parent="." instance=ExtResource( 3 )]
transform = Transform( -0.964778, 0, -0.263065, 0, 1, 0, 0.263065, 0, -0.964778, -11.3413, 0, 6.10582 )

[node name="Tree_08" parent="." instance=ExtResource( 3 )]
transform = Transform( 0.948755, 0, -0.316013, 0, 1, 0, 0.316013, 0, 0.948755, 1.10226, 0, 6.00168 )

[node name="Tree_09" parent="." instance=ExtResource( 3 )]
transform = Transform( -0.677403, 0, 0.735613, 0, 1, 0, -0.735613, 0, -0.677403, 2.67548, 0, -1.654 )

[node name="Tree_02" parent="." instance=ExtResource( 1 )]
transform = Transform( 0.64387, 0, 0.765135, 0, 1, 0, -0.765135, 0, 0.64387, -7.52711, 0, -7.83111 )

[node name="Tree_05" parent="." instance=ExtResource( 1 )]
transform = Transform( -0.751529, 0, 0.6597, 0, 1, 0, -0.6597, 0, -0.751529, -6.01455, 0, -3.59085 )

[node name="Tree_26" parent="." instance=ExtResource( 1 )]
transform = Transform( 0.995436, 0, -0.0954287, 0, 1, 0, 0.0954287, 0, 0.995436, 14.3385, 0, 1.45632 )

[node name="Tree_03" parent="." instance=ExtResource( 2 )]
transform = Transform( 1, 0, 0, 0, 1, 0, 0, 0, 1, 1.72039, 9.53674e-07, -11.6651 )

[node name="Tree_10" parent="." instance=ExtResource( 2 )]
transform = Transform( 0.538536, 0, -0.842603, 0, 1, 0, 0.842603, 0, 0.538536, -1.69221, 9.53674e-07, -3.35022 )

[node name="Tree_11" parent="." instance=ExtResource( 2 )]
transform = Transform( -0.724917, 0, -0.688835, 0, 1, 0, 0.688835, 0, -0.724917, 6.01748, 9.53674e-07, 1.27754 )

[node name="Tree_04" parent="." instance=ExtResource( 2 )]
transform = Transform( -0.785835, 0, 0.618436, 0, 1, 0, -0.618436, 0, -0.785835, -1.79493, 9.53674e-07, 13.1582 )

[node name="Tree_07" parent="." instance=ExtResource( 4 )]
transform = Transform( -0.810747, 0, 0.585396, 0, 1, 0, -0.585396, 0, -0.810747, 5.87533, 1.90735e-06, -4.27126 )

[node name="Tree_12" parent="." instance=ExtResource( 4 )]
transform = Transform( -0.709386, 0, 0.70482, 0, 1, 0, -0.70482, 0, -0.709386, -1.03911, 1.90735e-06, -14.294 )

[node name="Tree_13" parent="." instance=ExtResource( 3 )]
transform = Transform( -0.352871, 0, 0.935672, 0, 1, 0, -0.935672, 0, -0.352871, 5.98785, 0, -10.0593 )

[node name="Tree_14" parent="." instance=ExtResource( 3 )]
transform = Transform( 0.586585, 0, -0.809888, 0, 1, 0, 0.809888, 0, 0.586585, -13.7698, 0, 1.85822 )

[node name="Tree_15" parent="." instance=ExtResource( 3 )]
transform = Transform( 0.99987, 0, 0.0160912, 0, 1, 0, -0.0160912, 0, 0.99987, -9.67309, 0, 3.40846 )

[node name="Tree_27" parent="." instance=ExtResource( 3 )]
transform = Transform( -0.0391028, 0, 0.999235, 0, 1, 0, -0.999235, 0, -0.0391028, 12.1418, 0, 11.1258 )

[node name="Tree_16" parent="." instance=ExtResource( 3 )]
transform = Transform( 0.886987, 0, 0.461795, 0, 1, 0, -0.461795, 0, 0.886987, -8.75986, 0, -13.1783 )

[node name="Tree_17" parent="." instance=ExtResource( 1 )]
transform = Transform( -0.943118, 0, 0.332457, 0, 1, 0, -0.332457, 0, -0.943118, -5.26606, 0, -12.5319 )

[node name="Tree_18" parent="." instance=ExtResource( 1 )]
transform = Transform( -0.35207, 0, -0.935974, 0, 1, 0, 0.935974, 0, -0.35207, 8.77411, 0, 3.97811 )

[node name="Tree_19" parent="." instance=ExtResource( 2 )]
transform = Transform( -0.352871, 0, 0.935672, 0, 1, 0, -0.935672, 0, -0.352871, -5.38055, 9.53674e-07, 6.35409 )

[node name="Tree_20" parent="." instance=ExtResource( 2 )]
transform = Transform( 0.598367, 0, 0.801222, 0, 1, 0, -0.801222, 0, 0.598367, -3.48528, 9.53674e-07, -8.5136 )

[node name="Tree_21" parent="." instance=ExtResource( 2 )]
transform = Transform( -0.475624, 0, 0.879649, 0, 1, 0, -0.879649, 0, -0.475624, -10.5588, 9.53674e-07, -10.6366 )

[node name="Tree_22" parent="." instance=ExtResource( 2 )]
transform = Transform( -0.946323, 0, 0.323224, 0, 1, 0, -0.323224, 0, -0.946323, -10.7629, 9.53674e-07, 1.0648 )

[node name="Tree_23" parent="." instance=ExtResource( 4 )]
transform = Transform( 0.611693, 0, -0.791095, 0, 1, 0, 0.791095, 0, 0.611693, -11.0561, 1.90735e-06, -2.83402 )

[node name="Tree_25" parent="." instance=ExtResource( 4 )]
transform = Transform( 0.482488, 0, -0.875903, 0, 1, 0, 0.875903, 0, 0.482488, 6.73972, 1.90735e-06, 7.81015 )

[node name="Tree_24" parent="." instance=ExtResource( 4 )]
transform = Transform( -0.409159, 0, -0.912463, 0, 1, 0, 0.912463, 0, -0.409159, -8.83027, 1.90735e-06, 10.9225 )
