[gd_scene load_steps=18 format=2]

[ext_resource path="res://meshes/bagger.tscn" type="PackedScene" id=1]
[ext_resource path="res://scripts/excavator.gd" type="Script" id=2]
[ext_resource path="res://scripts/camera.gd" type="Script" id=3]
[ext_resource path="res://Windmill.tscn" type="PackedScene" id=4]
[ext_resource path="res://scripts/obstacleSpawner.gd" type="Script" id=5]
[ext_resource path="res://Tree.tscn" type="PackedScene" id=6]
[ext_resource path="res://House.tscn" type="PackedScene" id=7]
[ext_resource path="res://Ground.tscn" type="PackedScene" id=8]
[ext_resource path="res://nodes/Ground.tscn" type="PackedScene" id=9]
[ext_resource path="res://scripts/groundCollection.gd" type="Script" id=10]

[sub_resource type="BoxShape" id=10]
extents = Vector3( 9.35958, 2.02289, 7.81707 )

[sub_resource type="CylinderShape" id=9]
height = 7.79681
radius = 4.63584

[sub_resource type="CubeMesh" id=15]

[sub_resource type="SpatialMaterial" id=16]
albedo_color = Color( 1, 0.235294, 0.235294, 1 )

[sub_resource type="BoxShape" id=19]
extents = Vector3( 1000, 1, 10000 )

[sub_resource type="ProceduralSky" id=18]

[sub_resource type="Environment" id=17]
background_mode = 2
background_sky = SubResource( 18 )
background_color = Color( 0.580392, 0.580392, 0.580392, 1 )
ambient_light_color = Color( 0.298039, 0.286275, 0.254902, 1 )
fog_enabled = true
fog_color = Color( 0.423529, 0.396078, 0.372549, 1 )
fog_sun_amount = 1.0
fog_depth_begin = 0.0
fog_depth_end = 774.1
fog_depth_curve = 0.329877
fog_transmit_enabled = true
fog_height_enabled = true
fog_height_max = -15.0
fog_height_curve = 1.56917

[node name="Main" type="Spatial"]

[node name="AudioStreamPlayer" type="AudioStreamPlayer" parent="."]

[node name="Player" type="Spatial" parent="."]
script = ExtResource( 2 )
speed = 20.0
rot_speed = 0.3

[node name="bagger" parent="Player" instance=ExtResource( 1 )]
transform = Transform( 1, 0, 0, 0, 1, 0, 0, 0, 1, 0, 0, 6.61675 )

[node name="Camera" type="Camera" parent="Player"]
transform = Transform( 1, 0, 0, 0, 0.856439, 0.516249, 0, -0.516249, 0.856439, 0, 15.967, 26.696 )
current = true
far = 511.6
script = ExtResource( 3 )

[node name="DebugCamera" type="Camera" parent="Player"]
transform = Transform( 0.575034, 0, 0.81813, 0, 1, 0, -0.81813, 0, 0.575034, 21.4933, 4.69412, 0 )

[node name="KinematicBodyCrawlers" type="KinematicBody" parent="Player"]

[node name="CrawlersCollider" type="CollisionShape" parent="Player/KinematicBodyCrawlers"]
transform = Transform( 1, 0, 0, 0, 1, 0, 0, 0, 1, 0, 2.06181, 7.11089 )
shape = SubResource( 10 )

[node name="KinematicBodyBucketWheel" type="RigidBody" parent="Player"]
contact_monitor = true
can_sleep = false

[node name="BucketWheelCollider" type="CollisionShape" parent="Player/KinematicBodyBucketWheel"]
transform = Transform( -4.37114e-08, -1, 0, 1, -4.37114e-08, 0, 0, 0, 1, 0, 4.84724, -10.6822 )
shape = SubResource( 9 )

[node name="ObstacleSpawner" type="Spatial" parent="Player"]
transform = Transform( 1, 0, 0, 0, 1, 0, 0, 0, 1, 0, 0, -139.136 )
script = ExtResource( 5 )
spawnableItems = [ ExtResource( 4 ), ExtResource( 7 ), ExtResource( 6 ) ]

[node name="MeshInstance" type="MeshInstance" parent="Player/ObstacleSpawner"]
transform = Transform( -7.42591e-07, -1, 0, 16.9885, -4.37114e-08, 0, 0, 0, 1, 0, 0, 0 )
visible = false
mesh = SubResource( 15 )
material/0 = SubResource( 16 )

[node name="RunnerLogic" type="Spatial" parent="."]

[node name="ObstacleContainer" type="Spatial" parent="RunnerLogic"]

[node name="GroundCollection" type="Spatial" parent="RunnerLogic"]
script = ExtResource( 10 )
ground = ExtResource( 8 )

[node name="Ground" parent="RunnerLogic/GroundCollection" instance=ExtResource( 9 )]
transform = Transform( 0.999996, 0.000233364, -0.00284816, -0.00023721, 0.999999, -0.00134342, 0.00284783, 0.00134409, 0.999995, 0, 0, 0 )
width = 1.0
groundSize = 1194
minVertexDistance = 2.0
positions = [ Vector3( 0, 0, 0 ), Vector3( 0, 0, 0 ) ]

[node name="StaticBody" type="StaticBody" parent="RunnerLogic/GroundCollection"]

[node name="CollisionShape" type="CollisionShape" parent="RunnerLogic/GroundCollection/StaticBody"]
transform = Transform( 1, 0, 0, 0, 1, 0, 0, 0, 1, 0, -1, 0 )
shape = SubResource( 19 )

[node name="Bookkeeping" type="Node" parent="."]

[node name="DirectionalLight" type="DirectionalLight" parent="."]
transform = Transform( 0.696176, 0.285388, -0.658705, 0, 0.917581, 0.397548, 0.717871, -0.276764, 0.638798, -13.292, 8.96145, -9.27802 )
shadow_enabled = true

[node name="WorldEnvironment" type="WorldEnvironment" parent="."]
environment = SubResource( 17 )
