[gd_scene load_steps=5 format=2]

[ext_resource path="res://scripts/trail.gd" type="Script" id=1]
[ext_resource path="res://materials/trail_mat.tres" type="Material" id=2]
[ext_resource path="res://meshes/bagger.tscn" type="PackedScene" id=3]
[ext_resource path="res://nodes/ctrl_dig_pos.tscn" type="PackedScene" id=4]

[node name="Spatial" type="Spatial"]

[node name="DirectionalLight" type="DirectionalLight" parent="."]
transform = Transform( -0.259951, 0.741188, -0.618923, -0.745186, 0.253646, 0.616735, 0.614104, 0.621534, 0.486387, -0.024, 2.64132, 0.00300002 )
shadow_enabled = true

[node name="CSGBox" type="CSGBox" parent="."]
transform = Transform( 0.999996, 0.000233364, -0.00284816, -0.00023721, 0.999999, -0.00134342, 0.00284783, 0.00134409, 0.999995, -0.0237551, -0.00508761, 0.00323939 )
visible = false
width = 12.794
height = 0.001
depth = 11.151

[node name="ImmediateGeometry" type="ImmediateGeometry" parent="."]
transform = Transform( 0.999996, 0.000233364, -0.00284816, -0.00023721, 0.999999, -0.00134342, 0.00284783, 0.00134409, 0.999995, -7.31695, 0.0372047, 242.728 )
material_override = ExtResource( 2 )
script = ExtResource( 1 )
width = 5.617
groundSize = 209
positions = [ Vector3( 0, 0, 0 ), Vector3( 0, 0, 0 ), Vector3( -0.697409, -0.0828236, -33.8341 ), Vector3( -8.29657, -0.0980436, -43.8216 ), Vector3( -0.118122, -0.109272, -53.6236 ), Vector3( 5.84069, -0.12068, -63.1673 ), Vector3( 2.46679, -0.134768, -73.0582 ), Vector3( -2.2911, -0.148616, -82.5263 ), Vector3( -1.01166, -0.161675, -92.4734 ), Vector3( 3.07579, -0.173901, -102.295 ), Vector3( 5.52019, -0.186549, -112.142 ), Vector3( -0.187085, -0.201125, -121.984 ), Vector3( 1.47377, -0.213578, -131.547 ), Vector3( 3.9324, -0.226385, -141.514 ), Vector3( -2.08893, -0.240643, -151.064 ), Vector3( 0.458084, -0.253176, -160.843 ), Vector3( -4.72089, -0.267718, -170.753 ), Vector3( 1.21237, -0.279394, -180.492 ), Vector3( 4.85682, -0.291832, -190.394 ), Vector3( 8.17624, -0.304358, -200.304 ), Vector3( 10.3878, -0.316228, -209.53 ), Vector3( 12.6322, -0.328274, -218.893 ), Vector3( 11.3798, -0.34157, -228.58 ), Vector3( 2.19417, -0.357002, -238.435 ), Vector3( 0.232599, -0.370878, -248.417 ), Vector3( 3.07288, -0.383538, -258.342 ), Vector3( -2.04365, -0.391718, -263.527 ) ]
baggerTranformPath = NodePath("../ctrl_dig_pos")

[node name="bagger" parent="." instance=ExtResource( 3 )]

[node name="Camera" type="Camera" parent="."]
transform = Transform( 1, 0, 0, 0, 1, 0, 0, 0, 1, 0, 0.35758, 5.20853 )

[node name="ctrl_dig_pos" parent="." instance=ExtResource( 4 )]
